a contact 2352.1 2981.1 5 1 115200.0
a contact 12984.7 13739.9 5 3 115200.0
a contact 12984.7 13739.9 3 5 115200.0
a contact 15764.1 16565.0 5 3 115200.0
a contact 15764.1 16565.0 3 5 115200.0
a contact 17932.8 25399.5 5 4 115200.0
a contact 17932.8 25399.5 4 5 115200.0
a contact 18872.5 19072.6 5 3 115200.0
a contact 18872.5 19072.6 3 5 115200.0
a contact 38774.3 39458.1 2 1 115200.0
a contact 39287.4 39676.7 3 1 115200.0
a contact 39598.6 47065.4 3 2 115200.0
a contact 39598.6 47065.4 2 3 115200.0
a contact 44987.5 45275.9 3 1 115200.0
a contact 44988.6 45616.3 2 1 115200.0
a contact 46239.6 46645.1 4 2 115200.0
a contact 46239.6 46645.1 2 4 115200.0
a contact 48837.6 49659.9 4 2 115200.0
a contact 48837.6 49659.9 2 4 115200.0
a contact 51283.9 51510.8 4 1 115200.0
a contact 51454.0 51690.1 2 1 115200.0
a contact 51697.7 52405.2 4 2 115200.0
a contact 51697.7 52405.2 2 4 115200.0
a contact 53858.5 54555.3 5 1 115200.0
a contact 56827.4 57220.8 4 1 115200.0
a contact 60101.8 60703.1 5 1 115200.0
a contact 63946.5 64458.6 2 1 115200.0
a contact 66597.9 66765.4 5 1 115200.0
a contact 67887.7 68238.6 3 1 115200.0
a contact 70068.5 70773.4 2 1 115200.0
a contact 73530.5 73872.3 3 1 115200.0
a contact 76330.9 76803.4 2 1 115200.0
a contact 78156.0 78928.3 5 3 115200.0
a contact 78156.0 78928.3 3 5 115200.0
a contact 79028.3 79581.6 5 1 115200.0
a contact 79862.2 80035.3 4 1 115200.0
a contact 80950.2 81738.5 5 3 115200.0
a contact 80950.2 81738.5 3 5 115200.0
a contact 82930.9 90397.7 4 5 115200.0
a contact 82930.9 90397.7 5 4 115200.0
a contact 85161.1 85866.7 5 1 115200.0
a contact 85407.6 85817.0 4 1 115200.0
a contact 91467.2 91840.5 5 1 115200.0
a contact 104596.8 112063.5 3 2 115200.0
a contact 104596.8 112063.5 2 3 115200.0
a contact 111390.7 111854.8 2 4 115200.0
a contact 111390.7 111854.8 4 2 115200.0
a contact 114014.2 114842.7 2 4 115200.0
a contact 114014.2 114842.7 4 2 115200.0
a contact 116890.2 117572.6 2 4 115200.0
a contact 116890.2 117572.6 4 2 115200.0
a contact 121718.3 122227.2 2 1 115200.0
a contact 126204.9 126609.6 3 1 115200.0
a contact 127771.0 128473.7 2 1 115200.0
a contact 131950.8 132178.7 3 1 115200.0
a contact 134099.8 134591.4 2 1 115200.0
a contact 136776.1 137343.3 5 1 115200.0
a contact 138167.7 138472.1 4 1 115200.0
a contact 142869.5 143564.5 5 1 115200.0
a contact 143328.4 144115.5 5 3 115200.0
a contact 143328.4 144115.5 3 5 115200.0
a contact 143767.2 144139.8 4 1 115200.0
a contact 146137.3 146911.0 5 3 115200.0
a contact 146137.3 146911.0 3 5 115200.0
a contact 146843.2 147114.1 2 1 115200.0
a contact 147929.1 155395.8 5 4 115200.0
a contact 147929.1 155395.8 4 5 115200.0
a contact 149225.1 149675.7 5 1 115200.0
a contact 152923.3 153563.4 2 1 115200.0
a contact 154804.0 155182.5 3 1 115200.0
a contact 159088.0 159762.7 2 1 115200.0
a contact 160480.7 160768.3 3 1 115200.0
a contact 161916.0 162256.7 5 1 115200.0
a contact 166757.0 167008.3 4 1 115200.0
a contact 168009.5 168672.7 5 1 115200.0
a contact 169594.9 177061.7 2 3 115200.0
a contact 169594.9 177061.7 3 2 115200.0
a contact 172337.7 172738.6 4 1 115200.0
a contact 174190.1 174840.0 5 1 115200.0
a contact 176546.0 177060.1 4 2 115200.0
a contact 176546.0 177060.1 2 4 115200.0
a contact 179191.7 180024.6 2 4 115200.0
a contact 179191.7 180024.6 4 2 115200.0
a contact 182084.3 182738.6 2 4 115200.0
a contact 182084.3 182738.6 4 2 115200.0
a contact 205999.8 206187.6 3 5 115200.0
a contact 205999.8 206187.6 5 3 115200.0
a contact 208501.8 209301.7 3 5 115200.0
a contact 208501.8 209301.7 5 3 115200.0
a contact 210628.3 211299.3 2 1 115200.0
a contact 211325.6 212082.4 5 3 115200.0
a contact 211325.6 212082.4 3 5 115200.0
a contact 212927.2 220394.0 5 4 115200.0
a contact 212927.2 220394.0 4 5 115200.0
a contact 213128.2 213538.4 3 1 115200.0
a contact 216822.1 217466.5 2 1 115200.0
a contact 218932.7 219065.3 3 1 115200.0
a contact 223265.9 223548.6 2 1 115200.0
a contact 225067.0 225419.5 4 1 115200.0
a contact 225709.7 226398.2 5 1 115200.0
a contact 230712.6 231055.3 4 1 115200.0
a contact 231933.2 232553.7 5 1 115200.0
a contact 234593.1 242059.9 2 3 115200.0
a contact 234593.1 242059.9 3 2 115200.0
a contact 235799.1 236283.0 2 1 115200.0
a contact 238405.1 238627.4 5 1 115200.0
a contact 241704.5 242262.1 4 2 115200.0
a contact 241704.5 242262.1 2 4 115200.0
a contact 241723.6 242120.9 3 1 115200.0
a contact 241915.3 242616.8 2 1 115200.0
a contact 244370.1 245205.6 4 2 115200.0
a contact 244370.1 245205.6 2 4 115200.0
a contact 247280.1 247903.0 4 2 115200.0
a contact 247280.1 247903.0 2 4 115200.0
a contact 247448.2 247645.3 3 1 115200.0
a contact 248156.5 248677.3 2 1 115200.0
a contact 250880.1 251408.4 5 1 115200.0
a contact 253662.9 253967.9 4 1 115200.0
a contact 257006.7 257712.6 5 1 115200.0
a contact 259272.1 259654.1 4 1 115200.0
a contact 263282.9 263725.2 5 1 115200.0
a contact 271123.3 271425.1 5 3 115200.0
a contact 271123.3 271425.1 3 5 115200.0
a contact 273676.2 274486.9 3 5 115200.0
a contact 273676.2 274486.9 5 3 115200.0
a contact 276515.1 277252.7 5 3 115200.0
a contact 276515.1 277252.7 3 5 115200.0
a contact 277925.4 285392.2 5 4 115200.0
a contact 277925.4 285392.2 4 5 115200.0
a contact 293593.7 294051.6 2 1 115200.0
a contact 299591.3 307058.0 3 2 115200.0
a contact 299591.3 307058.0 2 3 115200.0
a contact 299614.9 300320.3 2 1 115200.0
a contact 300057.0 300463.8 3 1 115200.0
a contact 305924.6 306443.9 2 1 115200.0
a contact 306865.5 307461.5 2 4 115200.0
a contact 306865.5 307461.5 4 2 115200.0
a contact 308644.5 309173.6 5 1 115200.0
a contact 309549.5 310385.6 4 2 115200.0
a contact 309549.5 310385.6 2 4 115200.0
a contact 311975.7 312359.1 4 1 115200.0
a contact 312477.8 313065.6 2 4 115200.0
a contact 312477.8 313065.6 4 2 115200.0
a contact 314711.1 315412.0 5 1 115200.0
a contact 317664.4 317966.7 4 1 115200.0
a contact 318702.4 318925.1 2 1 115200.0
a contact 321047.9 321528.6 5 1 115200.0
a contact 324773.5 325396.5 2 1 115200.0
a contact 328646.3 329054.1 3 1 115200.0
a contact 330929.6 331616.1 2 1 115200.0
a contact 333771.8 334072.5 5 1 115200.0
a contact 336264.3 336645.0 5 3 115200.0
a contact 336264.3 336645.0 3 5 115200.0
a contact 338851.5 339671.0 3 5 115200.0
a contact 338851.5 339671.0 5 3 115200.0
a contact 339859.0 340508.1 5 1 115200.0
a contact 340574.6 340919.3 4 1 115200.0
a contact 341705.8 342421.9 5 3 115200.0
a contact 341705.8 342421.9 3 5 115200.0
a contact 342923.6 345600.0 4 5 115200.0
a contact 342923.6 345600.0 5 4 115200.0
a range 2352.1 2981.1 5 1 0.001
a range 12984.7 13739.9 5 3 0.001
a range 12984.7 13739.9 3 5 0.001
a range 15764.1 16565.0 5 3 0.001
a range 15764.1 16565.0 3 5 0.001
a range 17932.8 25399.5 5 4 0.001
a range 17932.8 25399.5 4 5 0.001
a range 18872.5 19072.6 5 3 0.001
a range 18872.5 19072.6 3 5 0.001
a range 38774.3 39458.1 2 1 0.001
a range 39287.4 39676.7 3 1 0.001
a range 39598.6 47065.4 3 2 0.001
a range 39598.6 47065.4 2 3 0.001
a range 44987.5 45275.9 3 1 0.001
a range 44988.6 45616.3 2 1 0.001
a range 46239.6 46645.1 4 2 0.001
a range 46239.6 46645.1 2 4 0.001
a range 48837.6 49659.9 4 2 0.001
a range 48837.6 49659.9 2 4 0.001
a range 51283.9 51510.8 4 1 0.001
a range 51454.0 51690.1 2 1 0.001
a range 51697.7 52405.2 4 2 0.001
a range 51697.7 52405.2 2 4 0.001
a range 53858.5 54555.3 5 1 0.001
a range 56827.4 57220.8 4 1 0.001
a range 60101.8 60703.1 5 1 0.001
a range 63946.5 64458.6 2 1 0.001
a range 66597.9 66765.4 5 1 0.001
a range 67887.7 68238.6 3 1 0.001
a range 70068.5 70773.4 2 1 0.001
a range 73530.5 73872.3 3 1 0.001
a range 76330.9 76803.4 2 1 0.001
a range 78156.0 78928.3 5 3 0.001
a range 78156.0 78928.3 3 5 0.001
a range 79028.3 79581.6 5 1 0.001
a range 79862.2 80035.3 4 1 0.001
a range 80950.2 81738.5 5 3 0.001
a range 80950.2 81738.5 3 5 0.001
a range 82930.9 90397.7 4 5 0.001
a range 82930.9 90397.7 5 4 0.001
a range 85161.1 85866.7 5 1 0.001
a range 85407.6 85817.0 4 1 0.001
a range 91467.2 91840.5 5 1 0.001
a range 104596.8 112063.5 3 2 0.001
a range 104596.8 112063.5 2 3 0.001
a range 111390.7 111854.8 2 4 0.001
a range 111390.7 111854.8 4 2 0.001
a range 114014.2 114842.7 2 4 0.001
a range 114014.2 114842.7 4 2 0.001
a range 116890.2 117572.6 2 4 0.001
a range 116890.2 117572.6 4 2 0.001
a range 121718.3 122227.2 2 1 0.001
a range 126204.9 126609.6 3 1 0.001
a range 127771.0 128473.7 2 1 0.001
a range 131950.8 132178.7 3 1 0.001
a range 134099.8 134591.4 2 1 0.001
a range 136776.1 137343.3 5 1 0.001
a range 138167.7 138472.1 4 1 0.001
a range 142869.5 143564.5 5 1 0.001
a range 143328.4 144115.5 5 3 0.001
a range 143328.4 144115.5 3 5 0.001
a range 143767.2 144139.8 4 1 0.001
a range 146137.3 146911.0 5 3 0.001
a range 146137.3 146911.0 3 5 0.001
a range 146843.2 147114.1 2 1 0.001
a range 147929.1 155395.8 5 4 0.001
a range 147929.1 155395.8 4 5 0.001
a range 149225.1 149675.7 5 1 0.001
a range 152923.3 153563.4 2 1 0.001
a range 154804.0 155182.5 3 1 0.001
a range 159088.0 159762.7 2 1 0.001
a range 160480.7 160768.3 3 1 0.001
a range 161916.0 162256.7 5 1 0.001
a range 166757.0 167008.3 4 1 0.001
a range 168009.5 168672.7 5 1 0.001
a range 169594.9 177061.7 2 3 0.001
a range 169594.9 177061.7 3 2 0.001
a range 172337.7 172738.6 4 1 0.001
a range 174190.1 174840.0 5 1 0.001
a range 176546.0 177060.1 4 2 0.001
a range 176546.0 177060.1 2 4 0.001
a range 179191.7 180024.6 2 4 0.001
a range 179191.7 180024.6 4 2 0.001
a range 182084.3 182738.6 2 4 0.001
a range 182084.3 182738.6 4 2 0.001
a range 205999.8 206187.6 3 5 0.001
a range 205999.8 206187.6 5 3 0.001
a range 208501.8 209301.7 3 5 0.001
a range 208501.8 209301.7 5 3 0.001
a range 210628.3 211299.3 2 1 0.001
a range 211325.6 212082.4 5 3 0.001
a range 211325.6 212082.4 3 5 0.001
a range 212927.2 220394.0 5 4 0.001
a range 212927.2 220394.0 4 5 0.001
a range 213128.2 213538.4 3 1 0.001
a range 216822.1 217466.5 2 1 0.001
a range 218932.7 219065.3 3 1 0.001
a range 223265.9 223548.6 2 1 0.001
a range 225067.0 225419.5 4 1 0.001
a range 225709.7 226398.2 5 1 0.001
a range 230712.6 231055.3 4 1 0.001
a range 231933.2 232553.7 5 1 0.001
a range 234593.1 242059.9 2 3 0.001
a range 234593.1 242059.9 3 2 0.001
a range 235799.1 236283.0 2 1 0.001
a range 238405.1 238627.4 5 1 0.001
a range 241704.5 242262.1 4 2 0.001
a range 241704.5 242262.1 2 4 0.001
a range 241723.6 242120.9 3 1 0.001
a range 241915.3 242616.8 2 1 0.001
a range 244370.1 245205.6 4 2 0.001
a range 244370.1 245205.6 2 4 0.001
a range 247280.1 247903.0 4 2 0.001
a range 247280.1 247903.0 2 4 0.001
a range 247448.2 247645.3 3 1 0.001
a range 248156.5 248677.3 2 1 0.001
a range 250880.1 251408.4 5 1 0.001
a range 253662.9 253967.9 4 1 0.001
a range 257006.7 257712.6 5 1 0.001
a range 259272.1 259654.1 4 1 0.001
a range 263282.9 263725.2 5 1 0.001
a range 271123.3 271425.1 5 3 0.001
a range 271123.3 271425.1 3 5 0.001
a range 273676.2 274486.9 3 5 0.001
a range 273676.2 274486.9 5 3 0.001
a range 276515.1 277252.7 5 3 0.001
a range 276515.1 277252.7 3 5 0.001
a range 277925.4 285392.2 5 4 0.001
a range 277925.4 285392.2 4 5 0.001
a range 293593.7 294051.6 2 1 0.001
a range 299591.3 307058.0 3 2 0.001
a range 299591.3 307058.0 2 3 0.001
a range 299614.9 300320.3 2 1 0.001
a range 300057.0 300463.8 3 1 0.001
a range 305924.6 306443.9 2 1 0.001
a range 306865.5 307461.5 2 4 0.001
a range 306865.5 307461.5 4 2 0.001
a range 308644.5 309173.6 5 1 0.001
a range 309549.5 310385.6 4 2 0.001
a range 309549.5 310385.6 2 4 0.001
a range 311975.7 312359.1 4 1 0.001
a range 312477.8 313065.6 2 4 0.001
a range 312477.8 313065.6 4 2 0.001
a range 314711.1 315412.0 5 1 0.001
a range 317664.4 317966.7 4 1 0.001
a range 318702.4 318925.1 2 1 0.001
a range 321047.9 321528.6 5 1 0.001
a range 324773.5 325396.5 2 1 0.001
a range 328646.3 329054.1 3 1 0.001
a range 330929.6 331616.1 2 1 0.001
a range 333771.8 334072.5 5 1 0.001
a range 336264.3 336645.0 5 3 0.001
a range 336264.3 336645.0 3 5 0.001
a range 338851.5 339671.0 3 5 0.001
a range 338851.5 339671.0 5 3 0.001
a range 339859.0 340508.1 5 1 0.001
a range 340574.6 340919.3 4 1 0.001
a range 341705.8 342421.9 5 3 0.001
a range 341705.8 342421.9 3 5 0.001
a range 342923.6 345600.0 4 5 0.001
a range 342923.6 345600.0 5 4 0.001
