a contact 2352.1 2981.1 5 1 115200.0
a contact 12984.7 13739.9 5 3 115200.0
a contact 12984.7 13739.9 3 5 115200.0
a contact 15764.1 16565.0 5 3 115200.0
a contact 15764.1 16565.0 3 5 115200.0
a contact 17932.8 25399.5 5 4 115200.0
a contact 17932.8 25399.5 4 5 115200.0
a contact 18872.5 19072.6 5 3 115200.0
a contact 18872.5 19072.6 3 5 115200.0
a contact 38774.3 39458.1 2 1 115200.0
a contact 39287.4 39676.7 3 1 115200.0
a contact 39598.6 47065.4 3 2 115200.0
a contact 39598.6 47065.4 2 3 115200.0
a contact 44987.5 45275.9 3 1 115200.0
a contact 44988.6 45616.3 2 1 115200.0
a contact 46239.6 46645.1 4 2 115200.0
a contact 46239.6 46645.1 2 4 115200.0
a contact 48837.6 49659.9 4 2 115200.0
a contact 48837.6 49659.9 2 4 115200.0
a contact 51283.9 51510.8 4 1 115200.0
a contact 51454.0 51690.1 2 1 115200.0
a contact 51697.7 52405.2 4 2 115200.0
a contact 51697.7 52405.2 2 4 115200.0
a contact 53858.5 54555.3 5 1 115200.0
a contact 56827.4 57220.8 4 1 115200.0
a contact 60101.8 60703.1 5 1 115200.0
a contact 63946.5 64458.6 2 1 115200.0
a contact 66597.9 66765.4 5 1 115200.0
a contact 67887.7 68238.6 3 1 115200.0
a contact 70068.5 70773.4 2 1 115200.0
a contact 73530.5 73872.3 3 1 115200.0
a contact 76330.9 76803.4 2 1 115200.0
a contact 78156.0 78928.3 5 3 115200.0
a contact 78156.0 78928.3 3 5 115200.0
a contact 79028.3 79581.6 5 1 115200.0
a contact 79862.2 80035.3 4 1 115200.0
a contact 80950.2 81738.5 5 3 115200.0
a contact 80950.2 81738.5 3 5 115200.0
a contact 82930.9 90397.7 4 5 115200.0
a contact 82930.9 90397.7 5 4 115200.0
a contact 85161.1 85866.7 5 1 115200.0
a contact 85407.6 85817.0 4 1 115200.0
a contact 91467.2 91840.5 5 1 115200.0
a contact 104596.8 112063.5 3 2 115200.0
a contact 104596.8 112063.5 2 3 115200.0
a contact 111390.7 111854.8 2 4 115200.0
a contact 111390.7 111854.8 4 2 115200.0
a contact 114014.2 114842.7 2 4 115200.0
a contact 114014.2 114842.7 4 2 115200.0
a contact 116890.2 117572.6 2 4 115200.0
a contact 116890.2 117572.6 4 2 115200.0
a contact 121718.3 122227.2 2 1 115200.0
a contact 126204.9 126609.6 3 1 115200.0
a contact 127771.0 128473.7 2 1 115200.0
a contact 131950.8 132178.7 3 1 115200.0
a contact 134099.8 134591.4 2 1 115200.0
a contact 136776.1 137343.3 5 1 115200.0
a contact 138167.7 138472.1 4 1 115200.0
a contact 142869.5 143564.5 5 1 115200.0
a contact 143328.4 144115.5 5 3 115200.0
a contact 143328.4 144115.5 3 5 115200.0
a contact 143767.2 144139.8 4 1 115200.0
a contact 146137.3 146911.0 5 3 115200.0
a contact 146137.3 146911.0 3 5 115200.0
a contact 146843.2 147114.1 2 1 115200.0
a contact 147929.1 155395.8 5 4 115200.0
a contact 147929.1 155395.8 4 5 115200.0
a contact 149225.1 149675.7 5 1 115200.0
a contact 152923.3 153563.4 2 1 115200.0
a contact 154804.0 155182.5 3 1 115200.0
a contact 159088.0 159762.7 2 1 115200.0
a contact 160480.7 160768.3 3 1 115200.0
a contact 161916.0 162256.7 5 1 115200.0
a contact 166757.0 167008.3 4 1 115200.0
a contact 168009.5 168672.7 5 1 115200.0
a contact 169594.9 177061.7 2 3 115200.0
a contact 169594.9 177061.7 3 2 115200.0
a contact 172337.7 172738.6 4 1 115200.0
a range 2352.1 2981.1 5 1 0.001
a range 12984.7 13739.9 5 3 0.001
a range 12984.7 13739.9 3 5 0.001
a range 15764.1 16565.0 5 3 0.001
a range 15764.1 16565.0 3 5 0.001
a range 17932.8 25399.5 5 4 0.001
a range 17932.8 25399.5 4 5 0.001
a range 18872.5 19072.6 5 3 0.001
a range 18872.5 19072.6 3 5 0.001
a range 38774.3 39458.1 2 1 0.001
a range 39287.4 39676.7 3 1 0.001
a range 39598.6 47065.4 3 2 0.001
a range 39598.6 47065.4 2 3 0.001
a range 44987.5 45275.9 3 1 0.001
a range 44988.6 45616.3 2 1 0.001
a range 46239.6 46645.1 4 2 0.001
a range 46239.6 46645.1 2 4 0.001
a range 48837.6 49659.9 4 2 0.001
a range 48837.6 49659.9 2 4 0.001
a range 51283.9 51510.8 4 1 0.001
a range 51454.0 51690.1 2 1 0.001
a range 51697.7 52405.2 4 2 0.001
a range 51697.7 52405.2 2 4 0.001
a range 53858.5 54555.3 5 1 0.001
a range 56827.4 57220.8 4 1 0.001
a range 60101.8 60703.1 5 1 0.001
a range 63946.5 64458.6 2 1 0.001
a range 66597.9 66765.4 5 1 0.001
a range 67887.7 68238.6 3 1 0.001
a range 70068.5 70773.4 2 1 0.001
a range 73530.5 73872.3 3 1 0.001
a range 76330.9 76803.4 2 1 0.001
a range 78156.0 78928.3 5 3 0.001
a range 78156.0 78928.3 3 5 0.001
a range 79028.3 79581.6 5 1 0.001
a range 79862.2 80035.3 4 1 0.001
a range 80950.2 81738.5 5 3 0.001
a range 80950.2 81738.5 3 5 0.001
a range 82930.9 90397.7 4 5 0.001
a range 82930.9 90397.7 5 4 0.001
a range 85161.1 85866.7 5 1 0.001
a range 85407.6 85817.0 4 1 0.001
a range 91467.2 91840.5 5 1 0.001
a range 104596.8 112063.5 3 2 0.001
a range 104596.8 112063.5 2 3 0.001
a range 111390.7 111854.8 2 4 0.001
a range 111390.7 111854.8 4 2 0.001
a range 114014.2 114842.7 2 4 0.001
a range 114014.2 114842.7 4 2 0.001
a range 116890.2 117572.6 2 4 0.001
a range 116890.2 117572.6 4 2 0.001
a range 121718.3 122227.2 2 1 0.001
a range 126204.9 126609.6 3 1 0.001
a range 127771.0 128473.7 2 1 0.001
a range 131950.8 132178.7 3 1 0.001
a range 134099.8 134591.4 2 1 0.001
a range 136776.1 137343.3 5 1 0.001
a range 138167.7 138472.1 4 1 0.001
a range 142869.5 143564.5 5 1 0.001
a range 143328.4 144115.5 5 3 0.001
a range 143328.4 144115.5 3 5 0.001
a range 143767.2 144139.8 4 1 0.001
a range 146137.3 146911.0 5 3 0.001
a range 146137.3 146911.0 3 5 0.001
a range 146843.2 147114.1 2 1 0.001
a range 147929.1 155395.8 5 4 0.001
a range 147929.1 155395.8 4 5 0.001
a range 149225.1 149675.7 5 1 0.001
a range 152923.3 153563.4 2 1 0.001
a range 154804.0 155182.5 3 1 0.001
a range 159088.0 159762.7 2 1 0.001
a range 160480.7 160768.3 3 1 0.001
a range 161916.0 162256.7 5 1 0.001
a range 166757.0 167008.3 4 1 0.001
a range 168009.5 168672.7 5 1 0.001
a range 169594.9 177061.7 2 3 0.001
a range 169594.9 177061.7 3 2 0.001
a range 172337.7 172738.6 4 1 0.001
